Box: 0,000000 0,000000
_Box: -2,750000 2,750000
_Box: 2,750000 2,750000
__Box: 1,375000 4,125000
__Box: 4,125000 4,125000
__Box: 1,375000 1,375000
___Box: 0,687500 2,062500
___Box: 2,062500 2,062500
____Box: 1,718750 2,406250
_____Box: 1,546875 2,578125
_____Box: 1,890625 2,578125
_____Box: 1,546875 2,234375
______Box: 1,460938 2,320312
______Box: 1,632812 2,320312
______Box: 1,460938 2,148438
______Box: 1,632812 2,148438
_____Box: 1,890625 2,234375
______Box: 1,804688 2,320312
______Box: 1,976562 2,320312
______Box: 1,804688 2,148438
______Box: 1,976562 2,148438
____Box: 2,406250 2,406250
____Box: 1,718750 1,718750
_____Box: 1,546875 1,890625
_____Box: 1,890625 1,890625
______Box: 1,804688 1,976562
______Box: 1,976562 1,976562
______Box: 1,804688 1,804688
______Box: 1,976562 1,804688
_____Box: 1,546875 1,546875
_____Box: 1,890625 1,546875
____Box: 2,406250 1,718750
_____Box: 2,234375 1,890625
______Box: 2,148438 1,976562
______Box: 2,320312 1,976562
______Box: 2,148438 1,804688
______Box: 2,320312 1,804688
_____Box: 2,578125 1,890625
_____Box: 2,234375 1,546875
_____Box: 2,578125 1,546875
______Box: 2,492188 1,632812
______Box: 2,664062 1,632812
______Box: 2,492188 1,460938
______Box: 2,664062 1,460938
___Box: 0,687500 0,687500
___Box: 2,062500 0,687500
____Box: 1,718750 1,031250
____Box: 2,406250 1,031250
_____Box: 2,234375 1,203125
_____Box: 2,578125 1,203125
_____Box: 2,234375 0,859375
_____Box: 2,578125 0,859375
______Box: 2,492188 0,945312
______Box: 2,664062 0,945312
______Box: 2,492188 0,773438
______Box: 2,664062 0,773438
____Box: 1,718750 0,343750
_____Box: 1,546875 0,515625
_____Box: 1,890625 0,515625
_____Box: 1,546875 0,171875
_____Box: 1,890625 0,171875
______Box: 1,804688 0,257812
______Box: 1,976562 0,257812
______Box: 1,804688 0,085938
______Box: 1,976562 0,085938
____Box: 2,406250 0,343750
_____Box: 2,234375 0,515625
_____Box: 2,578125 0,515625
______Box: 2,492188 0,601562
______Box: 2,664062 0,601562
______Box: 2,492188 0,429688
______Box: 2,664062 0,429688
_____Box: 2,234375 0,171875
______Box: 2,148438 0,257812
______Box: 2,320312 0,257812
______Box: 2,148438 0,085938
______Box: 2,320312 0,085938
_____Box: 2,578125 0,171875
__Box: 4,125000 1,375000
___Box: 3,437500 2,062500
____Box: 3,093750 2,406250
____Box: 3,781250 2,406250
____Box: 3,093750 1,718750
_____Box: 2,921875 1,890625
_____Box: 3,265625 1,890625
_____Box: 2,921875 1,546875
_____Box: 3,265625 1,546875
______Box: 3,179688 1,632812
______Box: 3,351562 1,632812
______Box: 3,179688 1,460938
______Box: 3,351562 1,460938
____Box: 3,781250 1,718750
_____Box: 3,609375 1,890625
______Box: 3,523438 1,976562
______Box: 3,695312 1,976562
______Box: 3,523438 1,804688
______Box: 3,695312 1,804688
_____Box: 3,953125 1,890625
______Box: 3,867188 1,976562
______Box: 4,039062 1,976562
______Box: 3,867188 1,804688
______Box: 4,039062 1,804688
_____Box: 3,609375 1,546875
______Box: 3,523438 1,632812
______Box: 3,695312 1,632812
______Box: 3,523438 1,460938
______Box: 3,695312 1,460938
_____Box: 3,953125 1,546875
___Box: 4,812500 2,062500
____Box: 4,468750 2,406250
_____Box: 4,296875 2,578125
_____Box: 4,640625 2,578125
_____Box: 4,296875 2,234375
______Box: 4,210938 2,320312
______Box: 4,382812 2,320312
______Box: 4,210938 2,148438
______Box: 4,382812 2,148438
_____Box: 4,640625 2,234375
____Box: 5,156250 2,406250
____Box: 4,468750 1,718750
____Box: 5,156250 1,718750
___Box: 3,437500 0,687500
____Box: 3,093750 1,031250
_____Box: 2,921875 1,203125
______Box: 2,835938 1,289062
______Box: 3,007812 1,289062
______Box: 2,835938 1,117188
______Box: 3,007812 1,117188
_____Box: 3,265625 1,203125
______Box: 3,179688 1,289062
______Box: 3,351562 1,289062
______Box: 3,179688 1,117188
______Box: 3,351562 1,117188
_____Box: 2,921875 0,859375
______Box: 2,835938 0,945312
______Box: 3,007812 0,945312
______Box: 2,835938 0,773438
______Box: 3,007812 0,773438
_____Box: 3,265625 0,859375
______Box: 3,179688 0,945312
______Box: 3,351562 0,945312
______Box: 3,179688 0,773438
______Box: 3,351562 0,773438
____Box: 3,781250 1,031250
____Box: 3,093750 0,343750
____Box: 3,781250 0,343750
_____Box: 3,609375 0,515625
______Box: 3,523438 0,601562
______Box: 3,695312 0,601562
______Box: 3,523438 0,429688
______Box: 3,695312 0,429688
_____Box: 3,953125 0,515625
_____Box: 3,609375 0,171875
______Box: 3,523438 0,257812
______Box: 3,695312 0,257812
______Box: 3,523438 0,085938
______Box: 3,695312 0,085938
_____Box: 3,953125 0,171875
______Box: 3,867188 0,257812
______Box: 4,039062 0,257812
______Box: 3,867188 0,085938
______Box: 4,039062 0,085938
___Box: 4,812500 0,687500
_Box: -2,750000 -2,750000
_Box: 2,750000 -2,750000
__Box: 1,375000 -1,375000
___Box: 0,687500 -0,687500
___Box: 2,062500 -0,687500
____Box: 1,718750 -0,343750
_____Box: 1,546875 -0,171875
______Box: 1,460938 -0,085938
______Box: 1,632812 -0,085938
______Box: 1,460938 -0,257812
______Box: 1,632812 -0,257812
_____Box: 1,890625 -0,171875
______Box: 1,804688 -0,085938
______Box: 1,976562 -0,085938
______Box: 1,804688 -0,257812
______Box: 1,976562 -0,257812
_____Box: 1,546875 -0,515625
_____Box: 1,890625 -0,515625
____Box: 2,406250 -0,343750
____Box: 1,718750 -1,031250
____Box: 2,406250 -1,031250
___Box: 0,687500 -2,062500
___Box: 2,062500 -2,062500
__Box: 4,125000 -1,375000
___Box: 3,437500 -0,687500
____Box: 3,093750 -0,343750
____Box: 3,781250 -0,343750
_____Box: 3,609375 -0,171875
_____Box: 3,953125 -0,171875
______Box: 3,867188 -0,085938
______Box: 4,039062 -0,085938
______Box: 3,867188 -0,257812
______Box: 4,039062 -0,257812
_____Box: 3,609375 -0,515625
_____Box: 3,953125 -0,515625
____Box: 3,093750 -1,031250
____Box: 3,781250 -1,031250
___Box: 4,812500 -0,687500
____Box: 4,468750 -0,343750
_____Box: 4,296875 -0,171875
______Box: 4,210938 -0,085938
______Box: 4,382812 -0,085938
______Box: 4,210938 -0,257812
______Box: 4,382812 -0,257812
_____Box: 4,640625 -0,171875
_____Box: 4,296875 -0,515625
_____Box: 4,640625 -0,515625
____Box: 5,156250 -0,343750
____Box: 4,468750 -1,031250
____Box: 5,156250 -1,031250
___Box: 3,437500 -2,062500
___Box: 4,812500 -2,062500
__Box: 1,375000 -4,125000
__Box: 4,125000 -4,125000
